rem = 3
while t > rem:
    t = t-rem
    rem *= 2

print(rem-t+1)

t = 10
rem =3

t = 7
rem = 6

t = 1
rem = 12
=12 - 1 +1
=12-6+1

t= 21
rem =3

t= 18
rem =6
t = 12
rem =12

=12-12+1

1 3  4 6  10 12  11 24  35 48
2 2  5 5  11 11  12 23  36 47
3 1  6 4  12 10  13 22  37 46
     7 3  13  9  14 21  38 45
     8 2  14  8  15 20  39 44
     9 1  15  7  16 19  40 43
          16  6  17 18  41 42
          17  5  18 17  42 41
          18  4  19 16  43 40
          19  3  20 15  44 39
          20  2  21 14  45 38
          21  1  22 13  46 37
                 23 12  47 36
                 24 11  48 35
                 25 10  49 34
                 26  9  50 33
                 27  8  51 32
                 28  7  52 31
                 29  6  53 30
                 30  5  54 29
                 31  4  55 28
                 32  3  56 27
                 33  2  57 26
                 34  1  58 25
                        59 24
                        60 23
                        61 22
                        62 21
                        63 20
                        64 19
                        65 18
                        66 17
                        67 16
                        68 15
                        69 14
                        70 13
                        71 12
                        72 11
                        73 10
                        74  9
                        75  8
                        76  7
                        77  6
                        78  5
                        79  4
                        80  3
                        81  2
                        82  1